32 18
01010101010101070011223344556677
10101010101010170112233445566770
01010101010101071122334455667700
10101010101010171122334455667700
00110011001100171122334455667700
00110011001100171122334455667700
11001100110011070112233445566770
11001100110011070011223344556677
00011100011100070112233445566770
00011100011100070404040404040404
00011100011100074040404040404040
11100011100011170404040404040404
11100011100011175050505050505050
11100011100011170505050505050505
10001000100010070055005500550055
00112233445566776600660066006600
01122334455667700066006600660066
11223344556677006600660066006600


