80 24
# 1 2 3 4 5 6 7 8 9 0 1 2 3 4 5 6 7 8 9 0 1 2 3 4 5 6 7 8 9 0 1 2 3 4 5 6 7 8 9 
07070707070707070707070707070707070707070707070707070707070707070707070707070707
70707070707070707070707070707070707070707070707070707070707070707070707070707070
07070707070707070707070707070707070707070707070707070707070707070707070707070707
# 1
70707070707070707070707070707070707070707070707070707070707070707070707070707070
00770077007700770077007700770077007700770077007700770077007700770077007700770077
00770077007700770077007700770077007700770077007700770077007700770077007700770077
# 2
77007700770077007700770077007700770077007700770077007700770077007700770077007700
77007700770077007700770077007700770077007700770077007700770077007700770077007700
00770077007700770077007700770077007700770077007700770077007700770077007700770077
# 3
00770077007700770077007700770077007700770077007700770077007700770077007700770077
77007700770077007700770077007700770077007700770077007700770077007700770077007700
77007700770077007700770077007700770077007700770077007700770077007700770077007700
# 4
00011122233344455566677700011122233344455566677700011122233344455566677700011122
70001112223334445556667770001112223334445556667770001112223334445556667770001112
77000111222333444555666777000111222333444555666777000111222333444555666777000111
# 5
77700011122233344455566677700011122233344455566677700011122233344455566677700011
67770001112223334445556667770001112223334445556667770001112223334445556667770001
66777000111222333444555666777000111222333444555666777000111222333444555666777000
# 6
66677700011122233344455566677700011122233344455566677700011122233344455566677700
66677700011122233344455566677700011122233344455566677700011122233344455566677700
56667770001112223334445556667770001112223334445556667770001112223334445556667770
# 7
56667770001112223334445556667770001112223334445556667770001112223334445556667770
56667770001112223334445556667770001112223334445556667770001112223334445556667770
55666777000111222333444555666777000111222333444555666777000111222333444555666777
# 8
55666777000111222333444555666777000111222333444555666777000111222333444555666777
55566677700011122233344455566677700011122233344455566677700011122233344455566677
55566677700011122233344455566677700011122233344455566677700011122233344455566677


